"residue","MR_Non_syn","MR_stop","MR_Syn"
1,0.77772060285347,0.0309726642968843,0.191306732849646
2,0.778383678288518,0.022868806150117,0.198747515561365
3,0.960860612152273,0.0391393878477273,0
4,0.846952477484339,0.0438404737971628,0.109207048718498
5,0.93897482001396,0.0272324616482974,0.0337927183377423
6,0.967601582810574,0.0323984171894264,0
7,0.9166785374157,0.0324221616990441,0.0508993008852561
8,0.931238506135745,0.0251084833241956,0.0436530105400591
9,0.935792702307384,0.0326893346915951,0.0315179630010214
10,0.919785403584902,0.0363244839792528,0.0438901124358449
11,0.922279712193301,0.0317541481705255,0.0459661396361734
12,0.945342347993878,0.0374648147185906,0.0171928372875316
13,0.942343729282942,0.0295707552413907,0.0280855154756675
14,0.965684352236257,0.0343156477637429,0
15,0.874643704733276,0.0421486210126346,0.0832076742540888
16,0.971575602165032,0.0284243978349682,0
17,0.973320803261863,0.0266791967381373,0
18,0.894038065980921,0.0524983448529296,0.0534635891661498
19,0.89157007908198,0.0528983318238926,0.0555315890941274
20,0.913494075778597,0.0348536801434925,0.0516522440779105
21,0.910784014638374,0.0343696347644951,0.0548463505971312
22,0.936697850777062,0.063302149222938,0
23,0.788607383696194,0.0603241460587,0.151068470245106
24,0.845138200504752,0.0510124397345667,0.103849359760682
25,0.939195581712237,0.0363185122568121,0.0244859060309504
26,0.911077117621154,0.063288816153242,0.0256340662256037
27,0.949365483387322,0.0207891657455584,0.0298453508671195
28,0.95530754642847,0.0306682728440015,0.0140241807275289
29,0.927599866942722,0.0198082002704974,0.0525919327867806
30,0.929595810995682,0.0235235154055163,0.0468806735988022
31,0.977974801429083,0.0220251985709168,0
32,0.951160810199808,0.0329955179241484,0.0158436718760439
33,0.940323222915638,0.059676777084362,0
34,0.907581803716506,0.0522225531781885,0.0401956431053058
35,0.843585654154625,0.0785043738527287,0.0779099719926465
36,0.933137811760167,0.0248111945779961,0.042050993661837
37,0.951610653692642,0.0306645419189947,0.0177248043883632
38,0.956754458875595,0.0432455411244046,0
39,0.945200311692566,0.0293150884877965,0.0254845998196378
40,0.897700577443973,0.0315430023662506,0.0707564201897761
41,0.964866398520984,0.0351336014790157,0
42,0.940105146271779,0.0283541169354488,0.0315407367927723
43,0.960822972186933,0.0270646332546676,0.0121123945583998
44,0.936411909746296,0.0258192445976798,0.0377688456560247
45,0.898240053622262,0.0489105264037142,0.0528494199740239
46,0.888910928066823,0.0665910655114625,0.0444980064217141
47,0.916590647441931,0.0400481584043883,0.0433611941536812
48,0.953366277238371,0.0305440600449288,0.0160896627167002
49,0.958050696781233,0.0419493032187674,0
50,0.882787738128261,0.062169275015994,0.0550429868557454
51,0.893955458369959,0.07889768586333,0.0271468557667107
52,0.966161475638058,0.0218604316566148,0.011978092705327
53,0.948288188242926,0.0517118117570738,0
54,0.965288670476915,0.0307420010865609,0.00396932843652408
55,0.941731275209954,0.0366556424060546,0.021613082383991
56,0.890754251593883,0.0554719460900858,0.0537738023160314
57,0.909512945319034,0.0378505360472173,0.0526365186337489
58,0.898778133056841,0.0399037234996004,0.0613181434435592
59,0.933538509586904,0.0664614904130961,0
60,0.849357964513983,0.0545734779758988,0.0960685575101181
61,0.90192825714011,0.0619636330927687,0.0361081097671209
62,0.88963351206378,0.0633635883827567,0.0470028995534629
63,0.939131330356785,0.060868669643215,0
64,0.942400584074687,0.0569265259161277,0.000672890009185483
65,0.928695073858654,0.0686263242652951,0.00267860187605089
66,0.96222291706855,0.028499111777514,0.00927797115393559
67,0.868428765302371,0.0453722984027522,0.0861989362948769
68,0.908571338763588,0.0391584724010371,0.0522701888353745
69,0.959059446128788,0.0409405538712115,0
70,0.903106611145327,0.0630516021450369,0.0338417867096365
71,0.966414491857048,0.0208036767099758,0.0127818314329761
72,0.980846086887162,0.0191539131128382,0
73,0.938261909475214,0.032738742082121,0.0289993484426649
74,0.926119818717006,0.0189092719776311,0.0549709093053633
75,0.897938108234645,0.0393145497755598,0.0627473419897956
76,0.924654707828093,0.0204958766024083,0.0548494155694985
77,0.955219491557608,0.0308600317510582,0.0139204766913339
78,0.9658803565329,0.0341196434670998,0
79,0.931312096133399,0.042821336374134,0.0258665674924669
80,0.952409848842946,0.0475901511570536,0
81,0.869396161175336,0.0680200839192431,0.0625837549054207
82,0.969313755321672,0.0306862446783277,0
83,0.929038296569678,0.0372306253920044,0.0337310780383177
84,0.965695333830976,0.0267569600637199,0.00754770610530428
85,0.967781689789015,0.0322183102109848,0
86,0.948298135484942,0.0319182150193722,0.0197836494956863
87,0.936632963243302,0.0171262090673788,0.0462408276893196
88,0.931655739884331,0.0683442601156693,0
89,0.954013444537832,0.015865609488412,0.0301209459737556
90,0.946205167149108,0.053794832850892,0
91,0.94872097794621,0.0338883405504476,0.0173906815033427
92,0.961954459203036,0.0380455407969639,0
93,0.832738632712552,0.115620832257562,0.0516405350298854
94,0.898409137944859,0.0653660626966174,0.0362247993585241
95,0.928902682979236,0.0710973170207639,0
96,0.82526186375742,0.111791372163017,0.0629467640795627
97,0.942906984603352,0.0570930153966477,0
98,0.852700034316391,0.0179433731210734,0.129356592562536
99,0.93304429428023,0.02150978866806,0.0454459170517104
100,0.940311968034149,0.0596880319658516,0
101,0.963110848582842,0.032121796443659,0.00476735497349916
102,0.967488046258818,0.0267846933372238,0.00572726040395825
103,0.925907545968297,0.0740924540317035,0
104,0.817778252072841,0.0364003666982076,0.145821381228951
105,0.811839857429781,0.0374705966924248,0.150689545877794
106,0.890561762455071,0.0298777710311201,0.0795604665138091
107,0.923614660522722,0.0571516488998586,0.0192336905774197
108,0.87479685636016,0.0388295550861896,0.08637358855365
109,0.874523320803141,0.0518844647945414,0.0735922144023179
110,0.953603287461008,0.046396712538992,0
111,0.978038069261219,0.0158883718675553,0.00607355887122568
112,0.969535126724942,0.0304648732750577,0
113,0.921536212877479,0.0266852033903402,0.0517785837321804
114,0.913386075130196,0.0504157315654108,0.036198193304393
115,0.922546609409765,0.0258020093176507,0.0516513812725845
116,0.907393606746159,0.0417765252083277,0.0508298680455131
117,0.94513345340094,0.0548665465990602,0
118,0.961719391184131,0.0244405575420973,0.0138400512737718
119,0.965694894246911,0.0343051057530886,0
120,0.83267233578829,0.0359352427623003,0.131392421449409
121,0.88813012240523,0.0290999249700584,0.0827699526247116
122,0.922339096507623,0.0279056579086085,0.049755245583768
123,0.923921191300992,0.0455008236539544,0.0305779850450533
124,0.892819839447975,0.0200518418432113,0.0871283187088138
125,0.961416200998803,0.0198892335046224,0.0186945654965741
126,0.954480306594387,0.0279221381897428,0.0175975552158702
127,0.958702029131481,0.0273633763623715,0.0139345945061479
128,0.92928055249279,0.0707194475072097,0
129,0.966885862377816,0.00811434779656414,0.0249997898256199
130,0.946237176876518,0.0537628231234818,0
131,0.906988923192691,0.0446786358221704,0.0483324409851384
132,0.96596638089011,0.0253457034486295,0.00868791566126035
133,0.950392532758983,0.0496074672410172,0
134,0.940527872740437,0.0437964413009151,0.0156756859586479
135,0.952183974681478,0.0287093776657226,0.019106647652799
136,0.966907733984205,0.0330922660157947,0
137,0.989471365644388,0.0105286343556117,0
138,0.91536683948089,0.0174643077106403,0.0671688528084693
139,0.717475285638792,0.0228193632657811,0.259705351095426
140,0.951870214457311,0.027628746028418,0.0205010395142713
141,0.9188537609428,0.0214916375904348,0.0596546014667652
142,0.937427805470781,0.0625721945292192,0
143,0.829861529206344,0.0400506945162842,0.130087776277371
144,0.876345850957415,0.0393006970317025,0.0843534520108825
145,0.972208334932621,0.0277916650673791,0
146,0.757601249911188,0.0368532431935328,0.205545506895279
147,0.816304088227031,0.0346574110720817,0.149038500700887
148,0.591622754576205,0.016737778564195,0.3916394668596
149,0.930648985829349,0.0617757594958159,0.00757525467483474
150,0.960356567826787,0.0396434321732129,0
151,0.923025221883101,0.0555250556074029,0.0214497225094959
152,0.93589893103012,0.045677174093016,0.0184238948768639
153,0.944835904507235,0.0525609921852927,0.00260310330747244
154,0.95180777426065,0.0448835333493429,0.0033086923900075
155,0.908811206339475,0.0739645075818338,0.0172242860786915
156,0.943986046890078,0.0560139531099224,0
157,0.886227760272536,0.0435566365949558,0.070215603132508
158,0.846067768873475,0.0676773105306196,0.0862549205959055
159,0.953977848952988,0.0460221510470124,0
160,0.908235233669178,0.0766658220559037,0.0150989442749183
161,0.97704483133366,0.0186272562343778,0.00432791243196208
162,0.942974019565025,0.0506730625581259,0.00635291787684932
163,0.949494497838643,0.0456594360588962,0.00484606610246063
164,0.957725990528901,0.0422740094710991,0
165,0.981844615091976,0.0181553849080237,0
166,0.935889587946205,0.0358813630516075,0.0282290490021879
167,0.87461507626584,0.0802953628477414,0.045089560886418
168,0.864664457379837,0.0939800114450401,0.0413555311751227
169,0.889158925752263,0.0918035246536544,0.0190375495940824
170,0.886354983050278,0.0627034380446103,0.0509415789051121
171,0.882969421797956,0.0626615441585909,0.054369034043453
172,0.97011591801609,0.0298840819839101,0
173,0.876471605921799,0.0643995464053999,0.0591288476728008
174,0.924408859923215,0.0277996389056062,0.0477915011711786
175,0.943416081292389,0.0381575173383338,0.0184264013692768
176,0.976136821667801,0.0191926049717986,0.0046705733604005
177,0.932860010542948,0.0177316713923525,0.0494083180646994
178,0.944487142011834,0.0214716286949327,0.0340412292932333
179,0.936339536415255,0.0256777706805326,0.0379826929042127
180,0.923141797920974,0.0529512724864133,0.0239069295926133
181,0.953468553188784,0.0444957370694971,0.00203570974171933
182,0.982111273039563,0.0178887269604369,0
183,0.885468050381275,0.0271418862751978,0.0873900633435272
184,0.866442289106988,0.0428672930583961,0.0906904178346158
185,0.96308727710685,0.0369127228931499,0
186,0.902309722082856,0.0625457524276278,0.0351445254895164
187,0.923224421538687,0.0406669856036188,0.0361085928576939
188,0.923316015232058,0.0445463805019369,0.0321376042660054
189,0.958760455608963,0.0377186819674228,0.00352086242361455
190,0.858416696911606,0.0492418017786546,0.092341501309739
191,0.828657131393742,0.0523182187677512,0.119024649838507
192,0.967321939827351,0.0266823383461769,0.00599572182647243
193,0.826835343731273,0.0693564349251955,0.103808221343532
194,0.904926567648618,0.0424255139792934,0.0526479183720887
195,0.839947644950632,0.00864442340238252,0.151407931646985
196,0.928928610331394,0.0635000152496766,0.00757137441892943
197,0.95899351485595,0.039974564395564,0.00103192074848652
198,0.891111626408924,0.0496500181364481,0.0592383554546282
199,0.914725395384922,0.0335540073172952,0.0517205972977831
200,0.960355976716424,0.0396440232835755,0
201,0.929812123030459,0.03603021335487,0.0341576636146714
202,0.865753552589614,0.0641106218862812,0.070135825524105
203,0.970394198868532,0.0296058011314685,0
204,0.879690497043697,0.0367913908559248,0.0835181121003785
205,0.893045373384791,0.0346909442167041,0.0722636823985051
206,0.888958548813035,0.0483924156806545,0.0626490355063105
207,0.983765023863898,0.0162349761361018,0
208,0.945320262261591,0.018740524870809,0.0359392128676005
209,0.95616529397122,0.0298712415232989,0.0139634645054815
210,0.934098127870536,0.0278295105419948,0.038072361587469
211,0.931842841700756,0.0364815174620219,0.031675640837222
212,0.903355742631839,0.0775019041346019,0.0191423532335593
213,0.928237903263077,0.0549757590159441,0.016786337720979
214,0.930075873731588,0.0699241262684122,0
215,0.770728827292753,0.0818248705990358,0.147446302108211
216,0.906164210629893,0.0332928237580723,0.0605429656120346
217,0.836091402045994,0.120018757532287,0.0438898404217191
218,0.974512615293354,0.0254873847066463,0
219,0.965864081492216,0.0341359185077842,0
220,0.887699660375329,0.0608499576196298,0.0514503820050408
221,0.886907571410307,0.113092428589693,0
222,0.779643334814419,0.106959240645534,0.113397424540046
223,0.859897053015541,0.089487653198246,0.0506152937862131
224,0.842001160499502,0.0779223062304425,0.0800765332700557
225,0.856159258550789,0.0871964124942098,0.0566443289550007
226,0.878494101749585,0.105357216726667,0.0161486815237479
227,0.961951282290388,0.000579278384640847,0.0374694393249708
228,0.9134729011842,0.0865270988157995,0
229,0.930152790178407,0.0633413891850619,0.00650582063653065
230,0.969018866617742,0.0262643496701049,0.00471678371215328
231,0.968593493039163,0.0291551474392333,0.00225135952160328
232,0.923682943037255,0.0414940038687824,0.0348230530939627
233,0.961879179138068,0.0354753147126174,0.00264550614931484
234,0.945980241317685,0.0304172475655738,0.023602511116741
235,0.929892287995774,0.0701077120042256,0
236,0.980157761278541,0.0198422387214588,0
237,0.970037489289728,0.0265784759996828,0.0033840347105887
238,0.960929625174913,0.0390703748250872,0
239,0.944673331152651,0.0502938274245053,0.00503284142284398
240,0.917825361507661,0.0568166257180521,0.0253580127742872
241,0.902022162316475,0.0468338138331147,0.0511440238504106
242,0.920270770477471,0.025363037502599,0.05436619201993
243,0.910882300780807,0.0492182906061577,0.0398994086130353
244,0.939670263591048,0.0603297364089522,0
245,0.928032989951518,0.0276749130639491,0.0442920969845331
246,0.945610953678639,0.0543890463213614,0
247,0.879772061133645,0.0745060834458042,0.0457218554205505
248,0.946626657959642,0.0177115031406292,0.0356618388997284
249,0.934506001026799,0.0420231234765217,0.0234708754966788
250,0.828911735242279,0.0384067456081573,0.132681519149564
251,0.700372753121137,0.0819153330317195,0.217711913847143
252,0.934075241602728,0.0451234960820008,0.0208012623152709
253,0.967976896340217,0.00347577182580249,0.0285473318339808
254,0.924315406186054,0.0428212505585408,0.0328633432554054
255,0.869928375603425,0.0487181518318488,0.0813534725647267
256,0.888720769986687,0.0972888678183801,0.0139903621949324
257,0.945630891623739,0.0431706348747148,0.011198473501546
258,0.862069382582559,0.0488475369725842,0.0890830804448568
259,0.953522369106203,0.0464776308937974,0
260,0.854306475946712,0.0509618663536484,0.09473165769964
261,0.906320600206569,0.0405561264197513,0.05312327337368
262,0.870448262490969,0.059052217421053,0.0704995200879785
263,0.926919564389048,0.0398589630429034,0.0332214725680486
264,0.924191326302054,0.0670808505749325,0.00872782312301398
265,0.957724425170705,0.0422755748292946,0
266,0.867813740500495,0.0365619454857907,0.0956243140137139
267,0.858766908224351,0.0535506656072907,0.0876824261683579
268,0.924181381225651,0.0379208460061958,0.0378977727681528
269,0.901919833961755,0.0586188210613701,0.0394613449768753
270,0.894733408814164,0.0481839542343854,0.057082636951451
271,0.919974493787253,0.0341395390813149,0.0458859671314318
272,0.905923511560483,0.0451049442700561,0.0489715441694604
273,0.93954492132485,0.0569190270741363,0.00353605160101359
274,0.948279636092833,0.0517203639071667,0
275,0.928945549695759,0.0274902749738593,0.0435641753303812
276,0.917518430210137,0.0824815697898634,0
277,0.950804370537929,0.0491956294620715,0
278,0.815279811038573,0.0314339604992608,0.153286228462166
279,0.778654936364527,0.0326748545814811,0.188670209053992
280,0.930828372946143,0.046597402623229,0.0225742244306281
281,0.950122533519917,0.0277794898211008,0.0220979766589819
282,0.906830202628512,0.0133072260607119,0.0798625713107761
283,0.831719610711246,0.0187745244937761,0.149505864794978
284,0.850328749540969,0.0615160970769193,0.0881551533821115
285,0.872187131514083,0.0500890578175398,0.0777238106683771
286,0.915119198619066,0.0379605401969205,0.0469202611840134
287,0.901767607256861,0.0473348141249498,0.0508975786181888
288,0.94378641112232,0.0255427048410139,0.0306708840366661
289,0.961800969083771,0.0302136858894721,0.00798534502675736
290,0.953997786732392,0.028023086956682,0.0179791263109262
291,0.976273046284993,0.023726953715007,0
292,0.955085013671534,0.017103095086293,0.0278118912421728
293,0.955009142143234,0.0287525384292467,0.0162383194275192
294,0.972103653907073,0.0278963460929274,0
295,0.979242066981884,0.0207579330181158,0
296,0.932071343994944,0.0166322918085853,0.051296364196471
297,0.922970117746673,0.0190130438845773,0.0580168383687496
298,0.913281112676456,0.0194481248556359,0.0672707624679082
299,0.956658444533977,0.0356762919513629,0.00766526351465988
300,0.914642916424669,0.0555654892018597,0.0297915943734714
301,0.842757912433426,0.0349242190806871,0.122317868485887
302,0.884637642205481,0.0346446231677769,0.0807177346267423
303,0.886300874689522,0.0534462308395927,0.0602528944708855
304,0.951982602713058,0.0253729080176993,0.0226444892692427
305,0.948771442499484,0.0213131453178027,0.0299154121827138
306,0.959249239542436,0.0296781348288434,0.0110726256287208
