"residue","MR_Non_syn","MR_stop","MR_Syn"
1,0.855970247926513,0.0976531459954581,0.0463766060780285
2,0.812755595052,0.123996136063607,0.0632482688843931
3,0.945056890752502,0.054943109247498,0
4,0.9186509774314,0.0668418836473135,0.0145071389212867
5,0.865551054095677,0.127886665526477,0.00656228037784606
6,0.954418290008381,0.0455817099916195,0
7,0.953152352105742,0.041097531132773,0.00575011676148484
8,0.936788410366186,0.0554777167437492,0.0077338728900648
9,0.95858431094365,0.0369146034772802,0.00450108557906969
10,0.948371867078824,0.0461019200415685,0.0055262128796075
11,0.953737583899336,0.0429547211623525,0.00330769493831117
12,0.951029755834612,0.0475817088359683,0.00138853532942009
13,0.952337272277119,0.0461381068404928,0.00152462088238872
14,0.961328920731376,0.0386710792686236,0
15,0.540763089999111,0.430312440643864,0.0289244693570252
16,0.92789155356559,0.0721084464344096,0
17,0.947937475926556,0.0520625240734442,0
18,0.869317354281167,0.124761520309255,0.00592112540957869
19,0.567077914325629,0.413204771581786,0.0197173140925856
20,0.890321713247121,0.104049115551602,0.00562917120127711
21,0.67540930246863,0.304967830872166,0.0196228666592041
22,0.674314348834823,0.325685651165177,0
23,0.645891956759219,0.306122256085628,0.0479857871551537
24,0.455175240986534,0.508457758539747,0.0363670004737188
25,0.908538044620318,0.0801294184730081,0.0113325369066743
26,0.571471330146552,0.359082206965197,0.0694464628882515
27,0.926118791766622,0.0695701110989703,0.00431109713440791
28,0.957472721014245,0.0409690128542955,0.00155826613145917
29,0.943503664710313,0.0471831750236793,0.00931316026600795
30,0.902954946634595,0.0837143971822609,0.0133306561831438
31,0.96548364898149,0.03451635101851,0
32,0.888359368441798,0.105375476410157,0.0062651551480449
33,0.755139396641482,0.244860603358518,0
34,0.650611828141837,0.322058425141712,0.0273297467164506
35,0.577680608085481,0.383091639229401,0.0392277526851183
36,0.886941404438495,0.10515571712133,0.00790287844017521
37,0.851594308742005,0.138294255986992,0.0101114352710031
38,0.879386514091162,0.120613485908838,0
39,0.958469438750065,0.0370085302531575,0.00452203099677732
40,0.957516008745979,0.0315113702571018,0.0109726209969195
41,0.969659412120525,0.0303405878794754,0
42,0.936078463486435,0.0594792155874543,0.00444232092611014
43,0.911265667333203,0.0876396761802547,0.00109465648654258
44,0.88218734802498,0.114446211115215,0.00336644085980506
45,0.468269258144341,0.507568959169401,0.024161782686258
46,0.447684054188461,0.525956097770719,0.0263598480408204
47,0.522582767815641,0.460475290080482,0.0169419421038765
48,0.689068656879388,0.307981480993179,0.00294986212743323
49,0.596493360479751,0.403506639520249,0
50,0.359439187641488,0.617581014123335,0.0229797982351772
51,0.41056775706816,0.578226031954215,0.0112062109776249
52,0.731811710814058,0.264661299829797,0.00352698935614452
53,0.435296729625589,0.564703270374411,0
54,0.971091907680047,0.0287395483212846,0.000168543998668191
55,0.51949174699625,0.471557324004792,0.00895092899895782
56,0.498882114228402,0.478571399946591,0.0225464858250066
57,0.768625148090301,0.207675791898794,0.0236990600109044
58,0.812025108077883,0.146136662546732,0.0418382293753848
59,0.46752841848426,0.53247158151574,0
60,0.445262566079203,0.491975496014131,0.0627619379066657
61,0.415687567265258,0.568590798763372,0.0157216339713701
62,0.453482925354937,0.502349379681715,0.044167694963349
63,0.448971639288571,0.551028360711429,0
64,0.533532323980905,0.465010404736145,0.00145727128295026
65,0.422563912581111,0.575897144812385,0.00153894260650453
66,0.968448359410741,0.0308879802599314,0.000663660329327187
67,0.546920395089057,0.417446997706882,0.0356326072040609
68,0.95440755695069,0.0413622115761172,0.00423023147319332
69,0.659130053354074,0.340869946645926,0
70,0.495633540804121,0.481815307268643,0.0225511519272357
71,0.441370298154957,0.551174766210532,0.00745493563451062
72,0.658349752087349,0.341650247912651,0
73,0.43432150842136,0.558104265524828,0.00757422605381214
74,0.444642346666658,0.541020569329753,0.0143370840035887
75,0.738418372266274,0.255547108053179,0.00603451968054727
76,0.337999079978613,0.637643997606276,0.0243569224151115
77,0.678224770077913,0.321235626403455,0.000539603518632235
78,0.681465771025809,0.318534228974191,0
79,0.759648324006943,0.237166605717709,0.00318507027534854
80,0.491992028464977,0.508007971535023,0
81,0.372892616622741,0.60787595301132,0.0192314303659383
82,0.681038613728626,0.318961386271374,0
83,0.597705609702794,0.389789920376086,0.0125044699211195
84,0.839103439197551,0.158082731607914,0.00281382919453541
85,0.903941113146124,0.0960588868538763,0
86,0.73618387620332,0.260821312136396,0.00299481166028409
87,0.90524071256519,0.0905851800453026,0.00417410738950711
88,0.397839740829644,0.602160259170356,0
89,0.946404923062213,0.0514825926394013,0.00211248429838541
90,0.246845124358423,0.753154875641577,0
91,0.912251342264438,0.0871089962563731,0.000639661479188551
92,0.31517001529703,0.68482998470297,0
93,0.279236993506735,0.679550169459611,0.0412128370336538
94,0.39113923440145,0.578921031529421,0.0299397340691286
95,0.906719728261705,0.0932802717382946,0
96,0.462780812995243,0.513363407778934,0.0238557792258233
97,0.605291442167354,0.394708557832646,0
98,0.804598084761955,0.171269625655617,0.0241322895824272
99,0.733140931156239,0.245680349818283,0.0211787190254774
100,0.488997715325271,0.511002284674729,0
101,0.859822640817492,0.13833934100355,0.00183801817895774
102,0.61069205299333,0.389097657389258,0.00021028961741153
103,0.495268400374483,0.504731599625517,0
104,0.384592598080827,0.550625718281943,0.06478168363723
105,0.63023854763588,0.334771332954666,0.0349901194094544
106,0.656156825396701,0.317702386223905,0.0261407883793932
107,0.43960517085556,0.550820900695052,0.00957392844938792
108,0.455421701995339,0.519958858789854,0.0246194392148072
109,0.96562970468877,0.0325861970316755,0.00178409827955468
110,0.74342251478248,0.256577485217521,0
111,0.967913998946983,0.0317526002163727,0.000333400836644038
112,0.92079411139901,0.0792058886009902,0
113,0.96423982694503,0.0336437038482656,0.00211646920670489
114,0.88862007821775,0.109262315816801,0.00211760596544821
115,0.946375167605914,0.048727650157805,0.00489718223628063
116,0.786686817331387,0.207414476986639,0.00589870568197436
117,0.905558745452095,0.094441254547905,0
118,0.975310125597561,0.0243665315263797,0.000323342876059051
119,0.691553866661471,0.308446133338529,0
120,0.962351459601856,0.0366118482401881,0.00103669215795547
121,0.869745470204719,0.0992056629949827,0.0310488668002978
122,0.923220612870951,0.0753600587660902,0.00141932836295867
123,0.465931597069209,0.526971049979905,0.00709735295088573
124,0.905576516357655,0.0916562718409404,0.00276721180140417
125,0.962369083984047,0.0367277562287258,0.000903159787227286
126,0.916755608226932,0.0824284074503592,0.000815984322708925
127,0.882302844957702,0.117514717742588,0.000182437299709819
128,0.914400381986302,0.0855996180136981,0
129,0.958852572871333,0.0410883819884964,5.90451401701909e-05
130,0.850718443613503,0.149281556386497,0
131,0.954751761622574,0.0438178600256011,0.00143037835182489
132,0.841550846069362,0.158105029416403,0.000344124514235369
133,0.946707485930925,0.0532925140690748,0
134,0.830722327159552,0.158110080410895,0.0111675924295532
135,0.950126347466333,0.0490986530061672,0.000774999527500055
136,0.917740154461519,0.0822598455384812,0
137,0.726479600051854,0.273520399948146,0
138,0.95855054404784,0.0367151347434733,0.00473432120868652
139,0.831984363746684,0.143263843439858,0.0247517928134585
140,0.954298887588092,0.0446999666684595,0.00100114574344845
141,0.770944631053761,0.190494145864161,0.038561223082078
142,0.723590790483799,0.276409209516201,0
143,0.948494415902973,0.0406490526796103,0.0108565314174165
144,0.941753926752194,0.0443589768773782,0.0138870963704274
145,0.966902570668934,0.0330974293310657,0
146,0.91982094774823,0.0481916486949718,0.0319874035567983
147,0.935831900136998,0.0398871063406666,0.0242809935223351
148,0.788633354104443,0.0653186690427014,0.146047976852855
149,0.94031289707867,0.0563978265946084,0.00328927632672115
150,0.944792017897989,0.0552079821020112,0
151,0.665755837602098,0.321431848030582,0.0128123143673201
152,0.799594026942273,0.194420798648841,0.00598517440888639
153,0.637907805366263,0.354647176556248,0.00744501807748875
154,0.687658824036533,0.309809246341754,0.0025319296217129
155,0.570940102760217,0.418532428925221,0.0105274683145619
156,0.625284751045756,0.374715248954244,0
157,0.872722971699713,0.110237610947304,0.0170394173529823
158,0.575290678648199,0.380505963810911,0.0442033575408901
159,0.89301783522835,0.10698216477165,0
160,0.605150628561645,0.392093452686673,0.00275591875168146
161,0.975657853478483,0.0229606301213666,0.00138151640015063
162,0.866219023653573,0.13188103044359,0.00189994590283682
163,0.969522563763554,0.0298690396793555,0.000608396557090099
164,0.926125693120843,0.0738743068791573,0
165,0.921427616485254,0.0774891693369911,0.00108321417775469
166,0.867047949676577,0.128318822667452,0.00463322765597111
167,0.915599521216089,0.0789890045671283,0.00541147421678292
168,0.285072691191776,0.694713378739648,0.020213930068576
169,0.435586304233868,0.556625058205791,0.00778863756034119
170,0.575785268875081,0.407101249940447,0.0171134811844714
171,0.455736120130563,0.53702148931001,0.00724239055942738
172,0.955035591409494,0.0449644085905056,0
173,0.944228866078737,0.051811286994412,0.00395984692685114
174,0.93074676619386,0.0640169769732228,0.00523625683291705
175,0.921271053894129,0.0758266351982407,0.00290231090763057
176,0.920759451638221,0.0768538662302755,0.00238668213150393
177,0.838264172069266,0.145770121694768,0.0159657062359658
178,0.457825244354567,0.511596590270756,0.030578165374677
179,0.915920820667822,0.0768847544422137,0.00719442488996425
180,0.425699503118568,0.567583287857253,0.0067172090241789
181,0.956807522308832,0.0430807251461738,0.000111752544994489
182,0.915758225838957,0.0842417741610431,0
183,0.950881843805708,0.0382239649219299,0.0108941912723618
184,0.627855567061735,0.314275963409445,0.0578684695288198
185,0.953397810203723,0.0466021897962768,0
186,0.748056215706967,0.233575756518987,0.0183680277740461
187,0.971542032704217,0.0280907486822783,0.000367218613504709
188,0.705811969744963,0.27041659821621,0.0237714320388271
189,0.91891907909102,0.080335201719537,0.000745719189442878
190,0.703445538796658,0.272999525101378,0.0235549361019639
191,0.461523816121716,0.500391750705377,0.0380844331729073
192,0.963496613895202,0.0355574053410986,0.000945980763699525
193,0.516702124213446,0.435134001802856,0.0481638739836979
194,0.785009818992751,0.201670760108529,0.0133194208987208
195,0.82790143320836,0.0686830368514703,0.10341552994017
196,0.0862484809241533,0.913303937130178,0.000447581945668631
197,0.9774731034846,0.0221071456997419,0.000419750815658659
198,0.175602803890012,0.822052525224394,0.00234467088559415
199,0.26802602416447,0.728736266356799,0.00323770947873097
200,0.952426442532249,0.0475735574677514,0
201,0.917759905884403,0.0774970594377275,0.00474303467786911
202,0.622859917236006,0.349804509209951,0.0273355735540433
203,0.952133241944751,0.0478667580552488,0
204,0.922931710083102,0.0623479760804995,0.0147203138363979
205,0.93367170591935,0.0534835347514146,0.0128447593292353
206,0.941505417974675,0.0498616776276187,0.00863290439770642
207,0.952441488889343,0.0475585111106568,0
208,0.974961123689829,0.0207527457112941,0.0042861305988764
209,0.961628047189428,0.0362203497556414,0.00215160305493094
210,0.956214199963447,0.0381807879250146,0.00560501211153883
211,0.923290943204486,0.0701158335542261,0.00659322324128806
212,0.536448738220711,0.457942529109804,0.0056087326694851
213,0.506253868693157,0.490017451476389,0.00372867983045476
214,0.595929514227266,0.404070485772734,0
215,0.598011148032633,0.386655627392281,0.0153332245750858
216,0.660089238323619,0.328782365361278,0.0111283963151032
217,0.180918461845375,0.80228415941258,0.0167973787420449
218,0.543317412659998,0.456682587340002,0
219,0.831200502365209,0.168799497634791,0
220,0.290981776825304,0.695864999721043,0.0131532234536526
221,0.166477628276879,0.833522371723121,0
222,0.203675099799431,0.763250229560251,0.033074670640318
223,0.203704778993672,0.781431484139565,0.0148637368667634
224,0.292913259461234,0.690436716444489,0.0166500240942771
225,0.283066303407962,0.705023348164343,0.0119103484276944
226,0.311731472817733,0.684508440942022,0.00376008624024447
227,0.915814748409695,0.0413277971887269,0.0428574544015777
228,0.403009399817979,0.596990600182021,0
229,0.410118293008084,0.585611519557839,0.0042701874340777
230,0.905039018008531,0.0948073510199772,0.000153630971491861
231,0.713746207545126,0.284282489184053,0.00197130327082113
232,0.382292128338156,0.593720996167584,0.0239868754942601
233,0.100648077219082,0.898026020356153,0.00132590242476534
234,0.7724213112133,0.222752853231958,0.00482583555474208
235,0.365233486324006,0.634766513675994,0
236,0.512660916539865,0.487339083460135,0
237,0.718000975623069,0.277598227717263,0.00440079665966819
238,0.361616293862664,0.63785403733116,0.000529668806175884
239,0.817307058339736,0.180819962949143,0.00187297871112015
240,0.60083257482326,0.386851747459445,0.0123156777172952
241,0.456322884563517,0.518742377475959,0.0249347379605245
242,0.936785388103497,0.0571876272298303,0.00602698466667253
243,0.294110847877802,0.69545195701732,0.0104371951048782
244,0.334470044420946,0.658231211469083,0.00729874410997117
245,0.320236395131182,0.665061720645287,0.014701884223531
246,0.406011971280764,0.593988028719237,0
247,0.415488047579624,0.568231449665113,0.016280502755263
248,0.290568590110732,0.696461654406046,0.0129697554832225
249,0.347552198976335,0.638436905917318,0.0140108951063467
250,0.95206845429056,0.0433501380530558,0.00458140765638382
251,0.467439103781444,0.487958326656262,0.044602569562294
252,0.347143147821698,0.640146786162942,0.0127100660153598
253,0.952998970083546,0.0448288999602645,0.00217212995618999
254,0.329441521419786,0.656179259493841,0.0143792190863726
255,0.510059166043297,0.480630616233109,0.00931021772359343
256,0.342945518793636,0.642673729836032,0.0143807513703318
257,0.869018141303029,0.12909822420278,0.00188363449419123
258,0.785630176655413,0.189591066204071,0.0247787571405156
259,0.893321718215756,0.106678281784244,0
260,0.549168465646028,0.373791077410664,0.0770404569433078
261,0.80895305500223,0.16984653591386,0.0212004090839106
262,0.542926157193895,0.397321663077065,0.0597521797290405
263,0.604383739698138,0.363189641329,0.0324266189728623
264,0.931826034938537,0.0681555622794308,1.84027820318412e-05
265,0.930214488364285,0.0697855116357153,0
266,0.767195790126307,0.188087397456588,0.0447168124171048
267,0.682607389458116,0.282260556971254,0.0351320535706294
268,0.935347567530057,0.0586363393692564,0.00601609310068671
269,0.58837889219407,0.390205113574241,0.0214159942316885
270,0.608001593663294,0.362213308088903,0.0297850982478022
271,0.929970767481068,0.0647377729820407,0.00529145953689133
272,0.855102120738115,0.129587193268736,0.0153106859931488
273,0.492026590328179,0.500694563254873,0.00727884641694756
274,0.39647279426683,0.60352720573317,0
275,0.687820179222987,0.307037743479617,0.00514207729739587
276,0.349329039961936,0.650670960038064,0
277,0.25386593528344,0.74613406471656,0
278,0.386797322194841,0.535028739399463,0.0781739384056958
279,0.302551279191992,0.643927974751904,0.0535207460561036
280,0.28586384870851,0.706179320182477,0.00795683110901283
281,0.904932165936888,0.0941642157288602,0.000903618334252371
282,0.912120280366959,0.0760650448573882,0.0118146747756532
283,0.548019759756146,0.401387930172799,0.0505923100710553
284,0.334949388595684,0.626636505258177,0.0384141061461391
285,0.502959295167518,0.458185842988459,0.0388548618440227
286,0.378925479622518,0.601603754120108,0.0194707662573742
287,0.431300707749332,0.547527358655142,0.0211719335955254
288,0.967557654444456,0.0287594393252702,0.00368290623027341
289,0.959473227057636,0.0393131601589373,0.00121361278342655
290,0.974783159991584,0.0232560256882836,0.00196081432013278
291,0.919440056269635,0.0805599437303654,0
292,0.938712178431002,0.0498736694513819,0.011414152117616
293,0.805530521827472,0.174913019727399,0.019556458445129
294,0.730660226678274,0.269339773321726,0
295,0.983476913586747,0.016523086413253,0
296,0.957255194346723,0.0300343259040712,0.0127104797492054
297,0.82605991240551,0.127841743003418,0.0460983445910721
298,0.951867193851149,0.0352776618832609,0.0128551442655901
299,0.920438467070777,0.0789288280356405,0.000632704893582522
300,0.605185297765241,0.390721527214366,0.00409317502039337
301,0.764573361383745,0.138622652943693,0.0968039856725614
302,0.838823432616821,0.0492882719322432,0.111888295450936
303,0.889657272012365,0.0685864914020722,0.0417562365855632
304,0.951891180737549,0.0391228960853273,0.00898592317712418
305,0.855419368957529,0.132433431549481,0.0121471994929898
306,0.935986858152892,0.0503437547251092,0.013669387121999
